{
"English": {
"English": 286.698181,
"French": 438.990753,
"German": 450.034943,
"Italian": 433.301331,
"Latin": 445.050262,
"Maori": 440.496521,
"Swedish": 396.157471,
"Spanish": 431.508026
},
"Maori": {
"English": 235.521378,
"French": 236.696732,
"German": 241.235062,
"Italian": 233.844589,
"Latin": 255.707062,
"Maori": 147.969666,
"Swedish": 199.657272,
"Spanish": 270.365631
},
"German": {
"English": 102.641937,
"French": 108.891197,
"German": 77.903015,
"Italian": 99.773064,
"Latin": 115.511734,
"Maori": 110.623802,
"Swedish": 83.374695,
"Spanish": 107.630508
},
"Latin": {
"English": 269.110687,
"French": 240.468582,
"German": 296.535828,
"Italian": 244.674347,
"Latin": 191.834000,
"Maori": 296.607605,
"Swedish": 225.908600,
"Spanish": 287.478394
}
}
